1.04, 19.63
1.15, 18.54
1.25, 17.45
1.25, 16.35
1.25, 15.26
1.35, 14.17
1.35, 13.08
1.35, 11.99
1.35, 10.9
1.35, 9.8
1.46, 8.71
1.46, 7.62
1.46, 6.53
1.46, 5.44
1.56, 4.35
1.56, 3.25
1.56, 2.16
1.67, 1.07
1.67, -2.27e-2
1.67, -1.11
1.77, -2.21
1.77, -3.3
1.88, -4.39
1.88, -5.48
1.98, -6.56
1.98, -7.67
1.98, -8.76
2.09, -9.85
2.09, -10.94
2.09, -12.03
2.19, -13.12
2.19, -14.22
2.19, -15.31
2.3, -16.4
2.3, -17.49
2.3, -18.58
2.4, -19.68
2.4, -20.77
2.5, -21.85
2.5, -22.95
2.6, -24.04
2.71, -24.04
2.81, -24.04
2.92, -24.04
3.03, -22.95
2.92, -22.95
3.03, -21.85
3.03, -20.76
3.13, -19.67
3.13, -18.58
3.13, -17.49
3.24, -16.39
3.24, -15.3
3.24, -14.21
3.34, -13.12
3.34, -12.02
3.34, -10.93
3.44, -9.83
3.44, -8.75
3.44, -7.66
3.44, -6.56
3.55, -5.47
3.55, -4.38
3.65, -3.29
3.65, -2.19
3.65, -1.1
3.76, -8.48e-3
3.76, 1.08
3.76, 2.18
3.85, 3.27
3.85, 4.35
3.97, 5.45
3.97, 6.55
4.07, 7.64
4.07, 8.73
4.07, 9.81
4.17, 10.92
4.17, 12.01
4.17, 13.1
4.28, 14.19
4.28, 15.29
4.38, 16.38
4.38, 17.47
4.49, 18.56
4.49, 19.66
4.58, 20.75
4.7, 20.75
4.8, 20.75
4.91, 21.83
5.01, 20.75
5.11, 20.75
5.22, 19.66
5.22, 18.56
5.32, 17.48
5.32, 16.38
5.32, 15.29
5.43, 14.2
5.43, 13.11
5.53, 12.02
5.53, 10.93
5.53, 9.83
5.53, 8.74
5.64, 7.65
5.64, 6.56
5.64, 5.47
5.74, 4.37
5.74, 3.28
5.74, 2.19
5.83, 1.1
5.83, 5.77e-3
5.83, -1.09
5.95, -2.18
5.95, -3.27
5.95, -4.35
6.05, -5.45
6.05, -6.55
6.16, -7.64
6.26, -8.73
6.26, -9.81
6.26, -10.91
6.26, -12.01
6.37, -13.1
6.37, -14.19
6.37, -15.28
6.47, -16.37
6.47, -17.46
6.47, -18.56
6.58, -19.65
6.58, -20.74
6.68, -21.83
6.68, -22.92
6.78, -24.02
6.89, -24.01
6.99, -24.01
7.1, -24.01
7.2, -24.01
7.2, -22.92
7.31, -21.83
7.31, -20.74
7.31, -19.64
7.41, -18.55
7.41, -17.46
7.51, -16.37
7.51, -15.27
7.51, -14.18
7.62, -13.09
7.62, -12.0
7.62, -10.9
7.62, -9.81
7.72, -8.72
7.72, -7.63
7.72, -6.53
7.83, -5.44
7.83, -4.35
7.93, -3.26
7.93, -2.16
8.04, -1.07
8.04, 2.07e-2
8.04, 1.11
8.14, 2.21
8.14, 3.3
8.14, 4.39
8.25, 5.48
8.25, 6.58
8.35, 7.67
8.35, 8.76
8.45, 9.85
8.45, 10.95
8.45, 12.04
8.56, 13.13
8.56, 14.22
8.66, 15.32
8.66, 16.41
8.77, 16.41
8.87, 16.41
8.98, 15.32
9.08, 14.23
9.18, 13.13
9.18, 12.04
9.18, 10.95
9.18, 9.85
9.29, 8.77
9.29, 7.67
9.29, 6.58
9.39, 5.49
9.39, 4.4
9.39, 3.31
9.39, 2.21
9.5, 1.12
9.5, 3.07e-2
9.5, -1.06
9.6, -2.15
9.6, -3.25
9.6, -4.34
9.71, -5.43
9.71, -6.52
9.81, -7.6
9.81, -8.7
9.81, -9.8
9.81, -10.89
9.92, -11.98
9.92, -13.07
9.92, -14.16
10.02, -15.26
10.02, -16.35
10.02, -17.44
10.12, -18.53
10.12, -19.62
10.12, -20.72
10.23, -21.81
10.23, -22.9
10.23, -23.99
10.33, -25.08
10.33, -26.18
10.44, -27.27
10.44, -28.35
10.54, -28.35
10.65, -28.35
10.75, -27.26
10.65, -27.27
10.75, -26.17
10.85, -25.08
10.85, -23.99
10.85, -22.9
10.85, -21.8
10.96, -20.71
10.96, -19.62
10.96, -18.53
10.96, -17.43
10.96, -16.34
11.06, -15.25
11.06, -14.16
11.06, -13.06
11.06, -11.97
11.06, -10.88
11.06, -9.79
11.17, -8.7
11.17, -7.6
11.17, -6.51
11.17, -5.42
11.27, -4.33
11.27, -3.23
11.27, -2.14
11.27, -1.05
11.38, 4.35e-2
11.38, 1.14
11.38, 2.23
11.38, 3.32
11.38, 4.41
11.48, 5.5
11.48, 6.6
11.48, 7.69
11.48, 8.78
11.48, 9.87
11.58, 10.97
11.58, 12.06
11.58, 13.15
11.69, 14.24
11.69, 15.34
11.79, 15.34
11.9, 15.34
12.0, 14.25
11.9, 14.25
12.0, 13.15
12.0, 12.06
12.0, 10.97
12.11, 9.88
12.11, 8.79
12.11, 7.69
12.11, 6.6
12.11, 5.51
12.11, 4.42
12.21, 3.33
12.21, 2.23
12.21, 1.14
12.21, 4.92e-2
12.21, -1.04
12.32, -2.13
12.32, -3.23
12.32, -4.32
12.32, -5.41
12.42, -6.5
12.42, -7.58
12.42, -8.69
12.42, -9.78
12.42, -10.87
12.42, -11.96
12.52, -13.05
12.52, -14.15
12.52, -15.24
12.52, -16.33
12.52, -17.42
12.63, -18.51
12.63, -19.6
12.63, -20.7
12.63, -21.79
12.73, -22.88
12.73, -23.97
12.83, -25.07
12.83, -26.16
12.94, -26.16
13.05, -26.16
13.05, -25.06
13.05, -23.97
13.15, -22.88
13.15, -21.79
13.15, -20.7
13.15, -19.6
13.15, -18.51
13.15, -17.42
13.26, -16.33
13.26, -15.23
13.26, -14.14
13.26, -13.05
13.26, -11.96
13.26, -10.87
13.26, -9.77
13.35, -8.68
13.35, -7.58
13.35, -6.5
13.35, -5.4
13.35, -4.31
13.46, -3.22
13.46, -2.13
13.46, -1.03
13.46, 5.78e-2
13.56, 1.15
13.56, 2.24
13.56, 3.33
13.56, 4.43
13.56, 5.52
13.56, 6.6
13.67, 7.7
13.67, 8.8
13.67, 9.89
13.67, 10.98
13.67, 12.07
13.78, 13.17
13.78, 14.26
13.78, 15.35
13.88, 16.44
13.99, 15.35
13.88, 15.35
13.99, 14.26
14.09, 13.17
14.09, 12.08
14.09, 10.98
14.09, 9.89
14.09, 8.8
14.09, 7.71
14.19, 6.62
14.19, 5.52
14.19, 4.43
14.19, 3.34
14.19, 2.25
14.3, 1.16
14.3, 6.35e-2
14.3, -1.03
14.3, -2.12
14.3, -3.21
14.3, -4.31
14.3, -5.4
14.4, -6.49
14.4, -7.58
14.4, -8.67
14.4, -9.77
14.4, -10.85
14.51, -11.95
14.51, -13.04
14.51, -14.13
14.51, -15.23
14.51, -16.32
14.51, -17.41
14.51, -18.5
14.6, -19.58
14.6, -20.69
14.6, -21.78
14.6, -22.87
14.6, -23.96
14.72, -25.05
14.81, -25.05
14.92, -25.05
14.92, -23.96
14.92, -22.87
15.03, -21.77
15.03, -20.68
15.03, -19.58
15.03, -18.5
15.03, -17.41
15.03, -16.31
15.13, -15.22
15.13, -14.13
15.13, -13.04
15.13, -11.94
15.13, -10.85
15.13, -9.76
15.13, -8.67
15.13, -7.58
15.24, -6.48
15.24, -5.39
15.24, -4.3
15.24, -3.21
15.34, -2.11
15.34, -1.02
15.34, 7.06e-2
15.34, 1.16
15.34, 2.25
15.34, 3.35
15.34, 4.44
15.45, 5.53
15.45, 6.62
15.45, 7.72
15.45, 8.81
15.45, 9.9
15.45, 10.99
15.55, 12.09
15.55, 13.18
15.55, 14.27
15.55, 15.35
15.55, 16.45
15.55, 17.55
15.66, 17.55
15.76, 18.64
15.76, 17.55
15.85, 16.46
15.85, 15.35
15.85, 14.27
15.85, 13.18
15.85, 12.09
15.97, 11.0
15.97, 9.9
15.97, 8.81
15.97, 7.72
15.97, 6.63
15.97, 5.54
15.97, 4.44
15.97, 3.35
16.07, 2.26
16.07, 1.17
16.07, 7.56e-2
16.07, -1.02
16.07, -2.11
16.07, -3.2
16.18, -4.29
16.18, -5.38
16.18, -6.48
16.18, -7.56
16.18, -8.66
16.18, -9.75
16.28, -10.83
16.28, -11.94
16.28, -13.03
16.28, -14.12
16.28, -15.21
16.28, -16.31
16.28, -17.4
16.28, -18.49
16.39, -19.58
16.39, -20.67
16.39, -21.77
16.39, -22.85
16.39, -23.95
16.49, -25.04
16.49, -26.13
16.58, -26.13
16.58, -25.04
16.58, -23.95
16.58, -22.85
16.7, -21.76
16.7, -20.67
16.7, -19.58
16.7, -18.49
16.7, -17.39
16.7, -16.3
16.7, -15.21
16.8, -14.12
16.8, -13.03
16.8, -11.93
16.8, -10.83
16.8, -9.75
16.8, -8.66
16.8, -7.56
16.8, -6.47
16.8, -5.38
16.91, -4.29
16.91, -3.2
16.91, -2.1
16.91, -1.01
16.91, 8.13e-2
16.91, 1.17
16.91, 2.27
17.01, 3.35
17.01, 4.45
17.01, 5.54
17.01, 6.63
17.01, 7.73
17.01, 8.81
17.01, 9.91
17.01, 11.0
17.12, 12.1
17.12, 13.19
17.12, 14.28
17.22, 15.37
17.22, 16.47
17.22, 17.56
17.22, 18.65
17.33, 18.65
17.43, 17.56
17.33, 17.56
17.43, 16.47
17.43, 15.37
17.43, 14.28
17.43, 13.19
17.43, 12.1
17.43, 11.01
17.43, 9.91
17.53, 8.81
17.53, 7.73
17.53, 6.64
17.53, 5.55
17.53, 4.45
17.53, 3.35
17.53, 2.27
17.53, 1.18
17.53, 8.56e-2
17.53, -1.01
17.64, -2.1
17.64, -3.19
17.64, -4.28
17.64, -5.37
17.64, -6.47
17.64, -7.56
17.64, -8.65
17.64, -9.74
17.64, -10.83
17.74, -11.93
17.74, -13.02
17.74, -14.11
17.74, -15.2
17.74, -16.3
17.74, -17.39
17.74, -18.48
17.74, -19.56
17.85, -20.66
17.85, -21.76
17.85, -22.85
17.95, -22.85
17.95, -21.75
17.95, -20.66
17.95, -19.56
17.95, -18.48
18.06, -17.39
18.06, -16.29
18.06, -15.2
18.06, -14.11
18.06, -13.02
18.06, -11.92
18.06, -10.83
18.06, -9.74
18.06, -8.65
18.06, -7.56
18.06, -6.46
18.06, -5.37
18.16, -4.28
18.16, -3.19
18.16, -2.09
18.16, -1.0
18.16, 8.98e-2
18.16, 1.18
18.16, 2.27
18.16, 3.37
18.16, 4.46
18.16, 5.55
18.26, 6.64
18.26, 7.74
18.26, 8.83
18.26, 9.92
18.26, 11.01
18.26, 12.1
18.26, 13.2
18.26, 14.29
18.26, 15.38
18.26, 16.47
18.37, 17.56
18.37, 18.66
18.37, 19.75
18.47, 19.75
18.47, 18.66
18.47, 17.56
18.47, 16.47
18.58, 15.38
18.58, 14.29
18.58, 13.2
18.58, 12.11
18.58, 11.01
18.58, 9.92
18.58, 8.83
18.58, 7.74
18.58, 6.65
18.68, 5.55
18.68, 4.46
18.68, 3.37
18.68, 2.28
18.68, 1.19
18.68, 9.34e-2
18.68, -1.0
18.68, -2.09
18.68, -3.18
18.68, -4.28
18.68, -5.37
18.79, -6.46
18.79, -7.55
18.79, -8.64
18.79, -9.74
18.79, -10.83
18.79, -11.92
18.79, -13.01
18.79, -14.1
18.79, -15.2
18.79, -16.29
18.79, -17.38
18.89, -18.47
18.89, -19.56
18.89, -20.66
18.89, -21.75
18.89, -22.83
18.89, -23.93
19.0, -25.02
19.0, -23.93
19.0, -22.83
19.1, -21.75
19.1, -20.65
19.1, -19.56
19.2, -18.47
19.2, -17.38
19.2, -16.29
19.2, -15.19
19.2, -14.1
19.2, -13.01
19.2, -11.92
19.2, -10.81
19.2, -9.73
19.2, -8.64
19.2, -7.55
19.2, -6.46
19.2, -5.35
19.31, -4.27
19.31, -3.18
19.31, -2.09
19.31, -0.99
19.31, 9.77e-2
19.31, 1.19
19.41, 2.28
19.41, 3.37
19.41, 4.47
19.41, 5.56
19.41, 6.65
19.41, 7.74
19.41, 8.83
19.41, 9.93
19.41, 11.02
19.41, 12.11
19.52, 13.2
19.52, 14.3
19.52, 15.39
19.52, 16.48
19.52, 17.56
19.62, 18.67
19.62, 19.76
19.73, 19.76
19.83, 18.67
19.83, 17.58
19.83, 16.48
19.83, 15.39
19.83, 14.3
19.93, 13.21
19.93, 12.12
19.93, 11.02
19.93, 9.93
19.93, 8.83
19.93, 7.75
19.93, 6.65
20.04, 5.56
20.04, 4.47
20.04, 3.38
20.04, 2.29
20.04, 1.19
20.04, 0.1
20.04, -0.99
20.14, -2.08
20.14, -3.17
20.14, -4.27
20.14, -5.35
20.14, -6.45
20.25, -7.54
20.25, -8.63
20.25, -9.73
20.25, -10.81
20.25, -11.91
20.25, -13.0
20.35, -14.09
20.35, -15.19
20.35, -16.28
20.35, -17.37
20.35, -18.46
20.35, -19.55
20.46, -20.65
20.46, -21.74
20.46, -22.83
20.46, -23.92
20.56, -25.01
20.56, -26.11
20.56, -27.2
20.67, -28.29
20.77, -28.29
20.87, -28.29
20.87, -27.2
20.87, -26.1
20.98, -25.01
20.98, -23.92
20.98, -22.83
20.98, -21.73
21.08, -20.64
21.08, -19.55
21.08, -18.46
21.08, -17.35
21.08, -16.27
21.19, -15.18
21.19, -14.09
21.19, -13.0
21.19, -11.9
21.19, -10.81
21.19, -9.72
21.29, -8.63
21.29, -7.53
21.29, -6.44
21.29, -5.35
21.29, -4.26
21.4, -3.16
21.4, -2.07
21.4, -0.98
21.4, 0.11
21.4, 1.2
21.5, 2.3
21.5, 3.39
21.5, 4.48
21.5, 5.56
21.6, 6.67
21.6, 7.76
21.6, 8.85
21.6, 9.94
21.6, 11.03
21.6, 12.13
21.71, 13.22
21.71, 14.31
21.71, 15.4
21.71, 16.5
21.81, 17.58
21.81, 18.68
21.81, 19.77
21.81, 20.87
21.92, 21.96
22.02, 21.96
22.13, 21.96
22.13, 20.87
22.23, 19.78
22.13, 19.78
22.23, 18.68
22.23, 17.58
22.23, 16.5
22.23, 15.41
22.34, 14.32
22.34, 13.22
22.34, 12.13
22.34, 11.04
22.34, 9.95
22.34, 8.85
22.44, 7.76
22.44, 6.67
22.44, 5.58
22.44, 4.49
22.44, 3.4
22.54, 2.3
22.54, 1.21
22.54, 0.12
22.54, -0.97
22.54, -2.06
22.65, -3.16
22.65, -4.25
22.65, -5.34
22.65, -6.43
22.65, -7.52
22.75, -8.62
22.75, -9.71
22.75, -10.8
22.75, -11.89
22.75, -12.98
22.75, -14.08
22.85, -15.17
22.85, -16.26
22.85, -17.35
22.85, -18.44
22.85, -19.54
22.85, -20.63
22.96, -21.72
22.96, -22.81
22.96, -23.9
22.96, -25.0
22.96, -26.09
23.07, -27.18
23.07, -28.27
23.07, -29.35
23.07, -30.46
23.17, -31.55
23.17, -32.64
23.27, -32.64
23.38, -31.55
23.27, -31.55
23.38, -30.45
23.48, -29.35
23.38, -29.35
23.48, -28.27
23.58, -27.18
23.58, -26.08
23.58, -24.99
23.58, -23.9
23.69, -22.81
23.69, -21.72
23.69, -20.62
23.69, -19.53
23.69, -18.44
23.8, -17.35
23.8, -16.25
23.8, -15.16
23.8, -14.07
23.8, -12.98
23.8, -11.89
23.9, -10.79
23.9, -9.7
23.9, -8.6
23.9, -7.52
23.9, -6.42
24.01, -5.33
24.01, -4.24
24.01, -3.15
24.01, -2.05
24.11, -0.96
24.11, 0.13
24.11, 1.22
24.11, 2.31
24.11, 3.41
24.11, 4.5
24.11, 5.58
24.21, 6.68
24.21, 7.78
24.21, 8.87
24.21, 9.96
24.21, 11.05
24.21, 12.14
24.32, 13.24
24.32, 14.33
24.32, 15.42
24.32, 16.51
24.32, 17.6
24.42, 18.7
24.42, 19.79
24.42, 20.88
24.42, 21.98
24.53, 23.07
24.53, 24.16
24.63, 24.16
24.74, 24.16
24.74, 23.07
24.83, 21.98
24.74, 21.98
24.83, 20.89
24.83, 19.79
24.83, 18.7
24.94, 17.6
24.94, 16.52
24.94, 15.43
24.94, 14.33
25.05, 13.24
25.05, 12.15
25.05, 11.06
25.05, 9.97
25.05, 8.87
25.15, 7.78
25.15, 6.69
25.15, 5.6
25.15, 4.51
25.15, 3.41
25.26, 2.32
25.26, 1.23
25.26, 0.14
25.26, -0.95
25.26, -2.05
25.35, -3.14
25.35, -4.23
25.35, -5.32
25.35, -6.41
25.35, -7.51
25.47, -8.6
25.47, -9.69
25.47, -10.78
25.47, -11.87
25.47, -12.97
25.47, -14.06
25.56, -15.15
25.56, -16.24
25.56, -17.33
25.56, -18.43
25.56, -19.52
25.68, -20.6
25.68, -21.7
25.68, -22.79
25.68, -23.89
25.78, -24.98
25.78, -26.07
25.78, -27.16
25.88, -28.25
25.88, -29.35
25.99, -30.44
25.99, -31.53
26.09, -32.62
26.2, -32.62
26.3, -31.53
26.2, -31.53
26.09, -31.53
26.2, -31.53
26.3, -30.43
26.41, -29.34
26.41, -28.25
26.41, -27.16
26.51, -26.06
26.51, -24.97
26.51, -23.88
26.51, -22.79
26.51, -21.7
26.6, -20.6
26.6, -19.51
26.6, -18.42
26.6, -17.33
26.6, -16.23
26.72, -15.14
26.72, -14.05
26.72, -12.96
26.72, -11.87
26.81, -10.77
26.81, -9.68
26.81, -8.58
26.81, -7.5
26.93, -6.4
26.93, -5.31
26.93, -4.22
26.93, -3.13
27.03, -2.03
27.03, -0.94
27.03, 0.15
27.03, 1.24
27.03, 2.33
27.14, 3.43
27.14, 4.52
27.14, 5.6
27.14, 6.7
27.14, 7.8
27.24, 8.89
27.24, 9.98
27.24, 11.07
27.24, 12.17
27.24, 13.26
27.35, 14.35
27.35, 15.44
27.35, 16.53
27.35, 17.63
27.45, 18.72
27.45, 19.81
27.45, 20.9
27.45, 22.0
27.55, 23.09
27.55, 24.18
27.55, 25.27
27.66, 26.37
27.76, 26.37
27.87, 25.28
27.76, 25.27
27.66, 25.27
27.76, 25.27
27.87, 24.18
27.87, 23.09
27.97, 22.0
27.97, 20.91
27.97, 19.81
28.08, 18.72
28.08, 17.63
28.08, 16.54
28.08, 15.45
28.08, 14.35
28.18, 13.26
28.18, 12.17
28.18, 11.08
28.18, 9.99
28.18, 8.9
28.18, 7.8
28.28, 6.71
28.28, 5.62
28.28, 4.53
28.28, 3.44
28.39, 2.34
28.39, 1.25
28.39, 0.16
28.39, -0.93
28.39, -2.02
28.39, -3.12
28.49, -4.21
28.49, -5.3
28.49, -6.39
28.49, -7.48
28.6, -8.58
28.6, -9.67
28.6, -10.76
28.6, -11.85
28.6, -12.94
28.6, -14.04
28.6, -15.13
28.7, -16.22
28.7, -17.31
28.7, -18.4
28.7, -19.5
28.7, -20.58
28.81, -21.68
28.81, -22.77
28.81, -23.85
28.81, -24.96
28.81, -26.05
28.91, -27.14
28.91, -28.23
28.91, -29.32
29.02, -29.32
29.12, -29.32
29.12, -28.23
29.22, -27.14
29.22, -26.05
29.22, -24.95
29.22, -23.85
29.22, -22.77
29.33, -21.68
29.33, -20.58
29.33, -19.49
29.33, -18.4
29.33, -17.31
29.33, -16.22
29.33, -15.12
29.43, -14.03
29.43, -12.94
29.43, -11.85
29.43, -10.75
29.43, -9.66
29.43, -8.56
29.43, -7.48
29.43, -6.39
29.54, -5.29
29.54, -4.2
29.54, -3.11
29.54, -2.02
29.64, -0.92
29.64, 0.17
29.64, 1.26
29.64, 2.35
29.64, 3.44
29.64, 4.54
29.75, 5.63
29.75, 6.72
29.75, 7.81
29.75, 8.91
29.75, 10.0
29.75, 11.09
29.85, 12.18
29.85, 13.28
29.85, 14.37
29.85, 15.46
29.85, 16.55
29.95, 17.64
29.95, 18.74
29.95, 19.83
29.95, 20.92
29.95, 22.01
30.06, 23.11
30.06, 24.2
30.06, 25.29
30.06, 26.38
30.16, 26.38
30.27, 26.38
30.37, 25.29
30.27, 25.29
30.16, 25.29
30.27, 25.29
30.37, 24.2
30.37, 23.11
30.48, 22.02
30.48, 20.92
30.48, 19.83
30.48, 18.74
30.48, 17.65
30.58, 16.56
30.58, 15.46
30.58, 14.37
30.58, 13.28
30.58, 12.19
30.68, 11.1
30.68, 10.0
30.68, 8.91
30.68, 7.81
30.68, 6.73
30.79, 5.64
30.79, 4.54
30.79, 3.45
30.79, 2.35
30.79, 1.27
30.79, 0.18
30.89, -0.92
30.89, -2.01
30.89, -3.1
30.89, -4.19
30.89, -5.28
31.0, -6.38
31.0, -7.47
31.0, -8.56
31.0, -9.65
31.1, -10.74
31.1, -11.83
31.1, -12.93
31.1, -14.02
31.1, -15.11
31.1, -16.2
31.21, -17.3
31.21, -18.39
31.21, -19.48
31.21, -20.56
31.21, -21.66
31.31, -22.76
31.31, -23.85
31.31, -24.94
31.42, -26.03
31.42, -27.12
31.42, -28.22
31.52, -29.31
31.52, -30.4
31.62, -31.49
31.62, -32.58
31.62, -33.67
31.73, -34.77
31.83, -34.77
31.94, -33.67
31.83, -33.67
31.73, -33.67
31.83, -33.67
31.94, -32.58
31.94, -31.49
32.04, -30.4
32.04, -29.3
32.04, -28.21
32.04, -27.12
32.15, -26.03
32.15, -24.93
32.15, -23.83
32.15, -22.75
32.15, -21.66
32.25, -20.56
32.25, -19.47
32.25, -18.38
32.35, -17.29
32.35, -16.2
32.35, -15.1
32.35, -14.01
32.35, -12.92
32.46, -11.83
32.46, -10.73
32.46, -9.64
32.56, -8.55
32.56, -7.46
32.56, -6.35
32.56, -5.27
32.67, -4.18
32.67, -3.09
32.67, -2.0
32.77, -0.9
32.77, 0.19
32.77, 1.28
32.77, 2.37
32.88, 3.47
32.88, 4.56
32.88, 5.65
32.88, 6.74
32.98, 7.83
32.98, 8.93
32.98, 10.02
33.09, 11.11
33.09, 12.21
33.09, 13.3
33.19, 14.39
33.19, 15.48
33.19, 16.56
33.29, 17.67
33.29, 18.76
33.29, 19.85
33.29, 20.94
33.4, 22.04
33.4, 23.13
33.4, 24.22
33.5, 24.22
33.6, 24.22
33.71, 23.13
33.6, 23.13
33.71, 22.04
33.71, 20.95
33.81, 19.85
33.81, 18.76
33.81, 17.67
33.81, 16.58
33.81, 15.49
33.92, 14.4
33.92, 13.3
33.92, 12.21
33.92, 11.12
34.02, 10.03
34.02, 8.94
34.02, 7.83
34.02, 6.75
34.13, 5.66
34.13, 4.56
34.13, 3.48
34.13, 2.38
34.13, 1.29
34.23, 0.2
34.23, -0.89
34.23, -1.98
34.34, -3.08
34.34, -4.17
34.34, -5.26
34.44, -6.35
34.44, -7.44
34.44, -8.54
34.44, -9.63
34.55, -10.72
34.55, -11.81
34.55, -12.9
34.55, -14.0
34.65, -15.09
34.65, -16.18
34.65, -17.27
34.76, -18.35
34.76, -19.46
34.76, -20.55
34.76, -21.64
34.85, -22.73
34.85, -23.81
34.85, -24.92
34.85, -26.01
34.96, -27.1
34.96, -28.19
34.96, -29.28
35.07, -30.37
35.07, -31.47
35.07, -32.56
35.17, -33.65
35.28, -33.65
35.38, -33.65
35.38, -32.56
35.49, -31.46
35.49, -30.37
35.49, -29.28
35.58, -28.19
35.58, -27.09
35.58, -26.0
35.69, -24.91
35.69, -23.81
35.69, -22.73
35.8, -21.63
35.8, -20.54
35.8, -19.45
35.8, -18.35
35.9, -17.26
35.9, -16.17
35.9, -15.08
35.9, -13.99
35.9, -12.89
36.01, -11.8
36.01, -10.71
36.01, -9.62
36.01, -8.53
36.11, -7.43
36.11, -6.34
36.11, -5.25
36.22, -4.16
36.22, -3.06
36.32, -1.97
36.32, -0.88
36.32, 0.21
36.43, 1.31
36.43, 2.4
36.43, 3.49
36.53, 4.58
36.53, 5.68
36.53, 6.77
36.63, 7.85
36.63, 8.95
36.63, 10.05
36.63, 11.14
36.74, 12.23
36.74, 13.32
36.83, 14.42
36.83, 15.51
36.95, 16.6
36.95, 17.69
36.95, 18.78
37.05, 19.88
37.05, 20.97
37.05, 22.06
37.16, 23.15
37.16, 24.25
37.16, 25.34
37.26, 25.34
37.35, 25.34
37.35, 24.25
37.26, 24.25
37.35, 23.16
37.47, 22.06
37.47, 20.97
37.56, 19.88
37.56, 18.79
37.56, 17.7
37.68, 16.6
37.68, 15.51
37.68, 14.42
37.68, 13.33
37.78, 12.24
37.78, 11.15
37.78, 10.05
37.89, 8.96
37.89, 7.87
37.89, 6.78
37.89, 5.69
37.99, 4.58
37.99, 3.5
37.99, 2.41
38.1, 1.32
38.1, 0.23
38.1, -0.87
38.1, -1.96
38.2, -3.05
38.2, -4.14
38.3, -5.23
38.3, -6.33
38.3, -7.42
38.41, -8.51
38.41, -9.6
38.41, -10.69
38.51, -11.78
38.51, -12.88
38.51, -13.97
38.51, -15.06
38.62, -16.15
38.62, -17.24
38.62, -18.34
38.62, -19.43
38.72, -20.52
38.72, -21.6
38.83, -22.7
38.83, -23.8
38.83, -24.89
38.93, -25.98
38.93, -27.07
39.03, -28.16
39.03, -29.26
39.14, -30.35
39.14, -31.44
39.24, -31.44
39.35, -30.35
39.24, -30.35
39.35, -29.25
39.45, -28.16
39.45, -27.07
39.45, -25.98
39.56, -24.88
39.56, -23.79
39.56, -22.7
39.66, -21.6
39.66, -20.51
39.66, -19.42
39.77, -18.33
39.77, -17.24
39.77, -16.14
39.87, -15.05
39.87, -13.96
39.87, -12.87
39.87, -11.78
39.87, -10.68
39.97, -9.58
39.97, -8.5
39.97, -7.41
40.08, -6.31
40.08, -5.22
40.18, -4.13
40.18, -3.04
40.29, -1.94
40.29, -0.85
40.29, 0.24
40.39, 1.33
40.39, 2.43
40.39, 3.52
40.5, 4.6
40.5, 5.7
40.5, 6.8
40.5, 7.89
40.6, 8.98
40.6, 10.07
40.6, 11.16
40.6, 12.26
40.7, 13.35
40.7, 14.44
40.81, 15.53
40.81, 16.63
40.91, 17.72
40.91, 18.81
41.02, 19.9
41.02, 21.0
41.12, 22.09
41.12, 23.18
41.23, 23.18
41.33, 22.09
41.44, 21.0
41.44, 19.91
41.54, 18.81
41.54, 17.72
41.54, 16.63
41.64, 15.54
41.64, 14.45
41.64, 13.35
41.75, 12.26
41.75, 11.17
41.75, 10.08
41.85, 8.99
41.85, 7.9
41.85, 6.8
41.96, 5.71
41.96, 4.62
41.96, 3.53
42.06, 2.44
42.06, 1.35
42.06, 0.25
42.17, -0.83
42.17, -1.93
42.17, -3.02
42.27, -4.11
42.27, -5.21
42.27, -6.3
42.37, -7.39
42.37, -8.48
42.48, -9.56
42.48, -10.67
42.48, -11.76
42.48, -12.85
42.48, -13.94
42.58, -15.03
42.58, -16.13
42.58, -17.22
42.69, -18.31
42.69, -19.4
42.69, -20.49
42.79, -21.58
42.79, -22.68
42.79, -23.77
42.9, -24.85
42.9, -25.95
43.0, -27.04
43.0, -28.14
43.11, -29.23
43.21, -29.23
43.31, -29.23
43.42, -28.13
43.31, -28.13
43.42, -27.04
43.52, -25.95
43.52, -24.85
43.52, -23.76
43.63, -22.67
43.63, -21.58
43.73, -20.49
43.73, -19.39
43.73, -18.3
43.73, -17.21
43.83, -16.12
43.83, -15.03
43.94, -13.93
43.94, -12.83
43.94, -11.75
44.04, -10.65
44.04, -9.56
44.04, -8.47
44.15, -7.38
44.15, -6.29
44.25, -5.19
44.25, -4.1
44.35, -3.01
44.35, -1.92
44.35, -0.81
44.46, 0.27
44.46, 1.35
44.56, 2.45
44.56, 3.55
44.56, 4.64
44.56, 5.73
44.67, 6.81
44.67, 7.92
44.77, 9.01
44.77, 10.1
44.77, 11.19
44.88, 12.29
44.88, 13.38
44.88, 14.47
44.98, 15.56
44.98, 16.66
45.09, 17.75
45.19, 18.83
45.19, 19.93
45.3, 19.93
45.4, 19.93
45.51, 18.83
45.6, 18.83
45.6, 17.75
45.71, 16.66
45.71, 15.56
45.71, 14.48
45.81, 13.38
45.92, 12.29
45.92, 11.2
46.03, 10.11
46.03, 9.02
46.03, 7.93
46.13, 6.83
46.13, 5.74
46.13, 4.65
46.24, 3.56
46.24, 2.47
46.24, 1.37
46.34, 0.28
46.34, -0.81
46.34, -1.9
46.44, -2.99
46.44, -4.09
46.55, -5.18
46.55, -6.27
46.65, -7.35
46.65, -8.45
46.76, -9.54
46.76, -10.64
46.76, -11.73
46.85, -12.81
46.85, -13.91
46.85, -15.0
46.85, -16.1
46.97, -17.19
46.97, -18.28
46.97, -19.37
47.07, -20.46
47.07, -21.56
47.18, -22.65
47.18, -23.74
47.18, -24.83
47.28, -25.92
47.28, -27.02
47.38, -28.11
47.49, -28.11
47.58, -28.11
47.7, -28.1
47.8, -27.01
47.7, -27.01
47.8, -25.92
47.91, -24.83
47.91, -23.73
47.91, -22.64
48.01, -21.55
48.01, -20.46
48.11, -19.35
48.11, -18.27
48.22, -17.18
48.22, -16.09
48.22, -15.0
48.32, -13.9
48.32, -12.81
48.32, -11.72
48.43, -10.63
48.43, -9.53
48.43, -8.44
48.53, -7.35
48.53, -6.26
48.53, -5.16
48.64, -4.07
48.74, -2.98
48.74, -1.89
48.74, -0.79
48.85, 0.3
48.85, 1.39
48.95, 2.48
48.95, 3.58
48.95, 4.67
49.05, 5.76
49.05, 6.85
49.16, 7.95
49.16, 9.04
49.16, 10.13
49.26, 11.22
49.26, 12.32
49.37, 13.41
49.37, 14.5
49.47, 15.58
49.47, 16.69
49.58, 17.78
49.58, 18.87
49.68, 19.96
49.78, 21.06
49.89, 21.06
49.99, 21.06
50.1, 21.06
50.2, 21.06
50.31, 19.97
50.31, 18.88
50.41, 17.78
50.41, 16.69
50.52, 15.6
50.52, 14.51
50.62, 13.42
50.62, 12.33
50.72, 11.23
50.72, 10.14
50.72, 9.05
50.83, 7.96
50.83, 6.87
50.93, 5.77
50.93, 4.68
51.04, 3.58
51.04, 2.5
51.04, 1.41
51.14, 0.31
51.14, -0.78
51.25, -1.87
51.25, -2.96
51.35, -4.05
51.35, -5.14
51.45, -6.24
51.45, -7.33
51.56, -8.42
51.56, -9.51
51.56, -10.6
51.56, -11.7
51.66, -12.79
51.66, -13.88
51.66, -14.97
51.77, -16.06
51.77, -17.16
51.87, -18.25
51.87, -19.34
51.98, -20.43
52.08, -20.43
52.19, -21.52
52.19, -22.6
52.29, -23.7
52.39, -24.8
52.5, -25.89
52.6, -25.89
52.71, -25.89
52.81, -24.79
52.92, -23.7
52.92, -22.6
52.92, -21.52
53.02, -20.42
53.02, -19.33
53.12, -18.24
53.12, -17.15
53.23, -16.05
53.23, -14.96
53.23, -13.87
53.23, -12.78
53.33, -11.68
53.33, -10.58
53.33, -9.5
53.44, -8.41
53.44, -7.31
53.44, -6.22
53.54, -5.13
53.54, -4.04
53.65, -2.94
53.65, -1.85
53.75, -0.76
53.75, 0.33
53.75, 1.42
53.85, 2.52
53.85, 3.6
53.85, 4.7
53.96, 5.79
53.96, 6.89
53.96, 7.98
54.06, 9.07
54.06, 10.16
54.06, 11.26
54.17, 12.35
54.17, 13.44
54.17, 14.53
54.27, 15.63
54.27, 16.72
54.27, 17.81
54.38, 18.9
54.48, 20.0
54.48, 21.09
54.48, 22.18
54.58, 23.27
54.58, 24.37
54.69, 25.46
54.79, 25.46
54.9, 24.37
55.0, 23.28
55.0, 22.18
55.11, 21.09
55.11, 20.0
55.11, 18.91
55.21, 17.81
55.21, 16.72
55.21, 15.63
55.21, 14.54
55.32, 13.45
55.32, 12.35
55.32, 11.26
55.42, 10.17
55.42, 9.08
55.53, 7.99
55.53, 6.9
55.63, 5.81
55.63, 4.71
55.73, 3.62
55.73, 2.53
55.73, 1.44
55.83, 0.35
55.83, -0.75
55.94, -1.83
55.94, -2.93
55.94, -4.02
56.05, -5.11
56.05, -6.2
56.15, -7.3
56.15, -8.39
56.15, -9.48
56.15, -10.56
56.15, -11.66
56.26, -12.76
56.26, -13.85
56.26, -14.94
56.35, -16.03
56.35, -17.12
56.35, -18.22
56.35, -19.31
56.46, -20.4
56.46, -21.49
56.46, -22.58
56.56, -23.68
56.56, -24.77
56.67, -25.85
56.67, -26.95
56.67, -28.04
56.67, -29.14
56.78, -30.23
56.78, -31.32
56.88, -31.32
56.99, -31.32
57.09, -30.22
56.99, -30.23
57.09, -29.13
56.99, -29.13
57.09, -28.04
57.09, -26.95
57.09, -25.85
57.2, -24.76
57.2, -23.67
57.2, -22.58
57.2, -21.49
57.3, -20.39
57.3, -19.3
57.3, -18.21
57.3, -17.12
57.3, -16.03
57.3, -14.93
57.4, -13.83
57.4, -12.75
57.4, -11.66
57.4, -10.56
57.4, -9.47
57.4, -8.38
57.4, -7.29
57.51, -6.19
57.51, -5.1
57.51, -4.01
57.6, -2.92
57.6, -1.83
57.6, -0.73
57.6, 0.35
57.6, 1.45
57.72, 2.54
57.72, 3.64
57.72, 4.73
57.72, 5.81
57.72, 6.91
57.81, 8.01
57.81, 9.1
57.81, 10.19
57.81, 11.28
57.81, 12.37
57.93, 13.47
57.93, 14.56
57.93, 15.65
57.93, 16.74
57.93, 17.83
58.03, 18.93
58.03, 20.02
58.03, 21.11
58.13, 22.21
58.24, 22.21
58.34, 21.11
58.45, 20.02
58.34, 20.02
58.45, 18.93
58.55, 17.83
58.55, 16.75
58.66, 15.66
58.66, 14.56
58.66, 13.47
58.66, 12.38
58.76, 11.29
58.76, 10.2
58.76, 9.1
58.76, 8.01
58.76, 6.92
58.76, 5.83
58.85, 4.74
58.85, 3.64
58.85, 2.55
58.85, 1.46
58.97, 0.37
58.97, -0.72
58.97, -1.81
58.97, -2.91
58.97, -4.0
59.07, -5.09
59.07, -6.18
59.07, -7.28
59.07, -8.37
59.07, -9.46
59.18, -10.55
59.18, -11.64
59.18, -12.74
59.18, -13.83
59.18, -14.92
59.28, -16.01
59.28, -17.1
59.28, -18.2
59.28, -19.29
59.28, -20.38
59.39, -21.47
59.39, -22.56
59.39, -23.66
59.39, -24.75
59.39, -25.83
59.49, -26.93
59.49, -28.02
59.49, -29.12
59.49, -30.21
59.6, -31.3
59.6, -32.39
59.7, -32.39
59.8, -32.39
59.8, -31.3
59.8, -30.21
59.91, -29.11
59.8, -29.11
59.91, -28.02
59.91, -26.93
59.91, -25.83
59.91, -24.74
59.91, -23.65
60.01, -22.56
60.01, -21.47
60.01, -20.38
60.01, -19.28
60.01, -18.19
60.01, -17.1
60.01, -16.01
60.12, -14.91
60.12, -13.81
60.12, -12.73
60.12, -11.64
60.12, -10.55
60.12, -9.45
60.12, -8.35
60.22, -7.27
60.22, -6.18
60.22, -5.08
60.22, -3.99
60.33, -2.9
60.33, -1.81
60.33, -0.71
60.33, 0.38
60.33, 1.47
60.33, 2.56
60.43, 3.65
60.43, 4.75
60.43, 5.83
60.43, 6.93
60.43, 8.02
60.53, 9.12
60.53, 10.21
60.53, 11.3
60.53, 12.39
60.53, 13.48
60.64, 14.58
60.64, 15.67
60.64, 16.76
60.64, 17.85
60.74, 18.95
60.74, 20.04
60.74, 21.13
60.85, 22.22
60.95, 22.22
61.06, 22.23
61.16, 21.13
61.06, 21.13
61.16, 20.04
61.16, 18.95
61.16, 17.85
61.27, 16.77
61.27, 15.67
61.27, 14.58
61.27, 13.49
61.27, 12.4
61.27, 11.31
61.37, 10.21
61.37, 9.12
61.37, 8.03
61.37, 6.94
61.37, 5.85
61.37, 4.75
61.47, 3.66
61.47, 2.56
61.47, 1.48
61.47, 0.39
61.47, -0.71
61.47, -1.8
61.47, -2.89
61.58, -3.98
61.58, -5.07
61.58, -6.17
61.58, -7.26
61.58, -8.35
61.68, -9.44
61.68, -10.53
61.68, -11.63
61.68, -12.72
61.68, -13.81
61.68, -14.9
61.68, -16.0
61.68, -17.09
61.79, -18.18
61.79, -19.27
61.79, -20.35
61.79, -21.46
61.79, -22.55
61.79, -23.64
61.89, -24.73
61.89, -25.81
61.89, -26.92
62.0, -28.01
62.1, -26.91
62.0, -26.91
62.1, -25.81
62.2, -24.73
62.2, -23.64
62.2, -22.54
62.2, -21.45
62.31, -20.35
62.31, -19.27
62.31, -18.18
62.31, -17.08
62.31, -15.99
62.31, -14.9
62.41, -13.81
62.41, -12.71
62.41, -11.62
62.41, -10.53
62.41, -9.44
62.41, -8.35
62.41, -7.25
62.41, -6.16
62.52, -5.07
62.52, -3.98
62.52, -2.88
62.52, -1.79
62.62, -0.7
62.62, 0.39
62.62, 1.49
62.62, 2.58
62.62, 3.67
62.62, 4.76
62.73, 5.85
62.73, 6.95
62.73, 8.04
62.73, 9.13
62.73, 10.22
62.73, 11.32
62.83, 12.41
62.83, 13.5
62.83, 14.58
62.83, 15.68
62.83, 16.78
62.94, 17.87
62.94, 18.96
62.94, 20.05
62.94, 21.15
62.94, 22.24
62.94, 23.33
63.04, 23.33
63.14, 23.33
63.25, 22.24
63.14, 22.24
63.04, 22.24
63.14, 22.24
63.25, 21.15
63.25, 20.06
63.25, 18.96
63.35, 17.87
63.35, 16.78
63.35, 15.69
63.35, 14.6
63.35, 13.5
63.35, 12.41
63.46, 11.32
63.46, 10.23
63.46, 9.14
63.46, 8.04
63.46, 6.95
63.46, 5.85
63.46, 4.77
63.46, 3.68
63.56, 2.58
63.56, 1.49
63.56, 0.4
63.56, -0.69
63.56, -1.78
63.56, -2.88
63.56, -3.97
63.67, -5.06
63.67, -6.15
63.67, -7.24
63.67, -8.34
63.67, -9.43
63.67, -10.52
63.77, -11.6
63.77, -12.7
63.77, -13.8
63.77, -14.89
63.77, -15.98
63.77, -17.07
63.87, -18.16
63.87, -19.26
63.87, -20.35
63.87, -21.44
63.87, -22.53
63.87, -23.63
63.87, -24.72
63.98, -25.81
63.98, -26.9
63.98, -27.99
63.98, -29.09
63.98, -30.18
64.08, -31.27
64.08, -30.18
64.08, -29.08
64.19, -27.99
64.08, -27.99
64.19, -26.9
64.19, -25.81
64.19, -24.72
64.19, -23.62
64.19, -22.53
64.19, -21.44
64.29, -20.35
64.29, -19.25
64.29, -18.16
64.29, -17.07
64.29, -15.98
64.29, -14.89
64.29, -13.79
64.29, -12.7
64.29, -11.6
64.29, -10.52
64.29, -9.42
64.4, -8.33
64.4, -7.24
64.4, -6.15
64.4, -5.06
64.4, -3.96
64.4, -2.87
64.4, -1.78
64.5, -0.69
64.5, 0.41
64.5, 1.5
64.5, 2.58
64.5, 3.68
64.5, 4.77
64.5, 5.87
64.5, 6.96
64.5, 8.05
64.6, 9.14
64.6, 10.24
64.6, 11.33
64.6, 12.42
64.6, 13.51
64.6, 14.6
64.6, 15.7
64.71, 16.79
64.71, 17.88
64.71, 18.97
64.71, 20.07
64.71, 21.16
64.71, 22.25
64.81, 23.34
64.81, 24.44
64.92, 24.44
64.92, 23.34
64.92, 22.25
64.92, 21.16
65.02, 20.07
65.02, 18.98
65.02, 17.88
65.02, 16.79
65.02, 15.7
65.02, 14.6
65.02, 13.52
65.02, 12.42
65.13, 11.33
65.13, 10.24
65.13, 9.15
65.13, 8.06
65.13, 6.96
65.13, 5.87
65.13, 4.78
65.13, 3.69
65.13, 2.58
65.13, 1.5
65.13, 0.41
65.13, -0.68
65.23, -1.77
65.23, -2.87
65.23, -3.96
65.23, -5.05
65.23, -6.14
65.23, -7.23
65.23, -8.33
65.23, -9.42
65.23, -10.51
65.34, -11.6
65.34, -12.69
65.34, -13.79
65.34, -14.88
65.34, -15.97
65.34, -17.06
65.44, -18.15
65.44, -19.25
65.44, -20.34
65.44, -21.43
65.44, -22.52
65.44, -23.6
65.54, -24.71
65.54, -25.8
65.54, -26.89
65.54, -27.98
65.54, -29.07
65.65, -30.17
65.65, -31.26
65.75, -30.17
65.75, -29.07
65.65, -29.07
65.75, -27.98
65.75, -26.89
65.75, -25.8
65.85, -24.7
65.85, -23.6
65.85, -22.52
65.85, -21.43
65.85, -20.34
65.85, -19.24
65.85, -18.15
65.85, -17.06
65.85, -15.97
65.96, -14.87
65.96, -13.78
65.96, -12.69
65.96, -11.6
65.96, -10.51
65.96, -9.41
65.96, -8.32
65.96, -7.23
65.96, -6.14
65.96, -5.04
65.96, -3.95
66.07, -2.85
66.07, -1.77
66.07, -0.68
66.07, 0.42
66.07, 1.51
66.07, 2.6
66.07, 3.69
66.07, 4.79
66.07, 5.88
66.07, 6.97
66.17, 8.06
66.17, 9.15
66.17, 10.25
66.17, 11.34
66.17, 12.43
66.17, 13.52
66.17, 14.62
66.17, 15.71
66.17, 16.8
66.17, 17.89
66.28, 18.98
66.28, 20.08
66.28, 21.17
66.28, 22.26
66.28, 23.35
66.28, 24.45
66.38, 24.45
66.48, 24.45
66.48, 23.35
66.38, 23.35
66.48, 22.26
66.48, 21.17
66.48, 20.08
66.48, 18.99
66.48, 17.89
66.58, 16.8
66.58, 15.71
66.58, 14.62
66.58, 13.53
66.58, 12.43
66.58, 11.34
66.58, 10.25
66.58, 9.16
66.58, 8.07
66.58, 6.97
66.69, 5.88
66.69, 4.79
66.69, 3.7
66.69, 2.6
66.69, 1.51
66.69, 0.42
66.69, -0.67
66.69, -1.76
66.69, -2.85
66.69, -3.95
66.8, -5.04
66.8, -6.13
66.8, -7.22
66.8, -8.32
66.8, -9.41
66.8, -10.5
66.8, -11.58
66.8, -12.68
66.8, -13.78
66.8, -14.87
66.8, -15.96
66.8, -17.05
66.9, -18.14
66.9, -19.24
66.9, -20.33
66.9, -21.42
66.9, -22.51
66.9, -23.6
66.9, -24.7
66.9, -25.79
66.9, -26.88
67.01, -27.97
67.01, -29.06
67.01, -30.16
67.11, -29.06
67.11, -27.97
67.11, -26.88
67.01, -26.88
67.01, -25.79
67.11, -25.79
67.21, -25.79
67.21, -24.69
67.21, -23.6
67.21, -22.51
67.21, -21.42
67.21, -20.33
67.21, -19.23
67.21, -18.14
67.21, -17.05
67.32, -15.96
67.32, -14.85
67.32, -13.77
67.32, -12.68
67.32, -11.58
67.32, -10.5
67.32, -9.4
67.32, -8.31
67.32, -7.22
67.42, -6.13
67.42, -5.03
67.42, -3.94
67.42, -2.85
67.42, -1.76
67.42, -0.67
67.42, 0.43
67.42, 1.52
67.42, 2.6
67.42, 3.7
67.53, 4.8
67.53, 5.89
67.53, 6.98
67.53, 8.07
67.53, 9.16
67.53, 10.26
67.63, 11.35
67.63, 12.44
67.63, 13.53
67.63, 14.63
67.63, 15.72
67.63, 16.81
67.63, 17.9
67.63, 18.99
67.74, 20.09
67.74, 21.18
67.74, 22.27
67.74, 23.35
67.83, 24.46
67.95, 24.46
68.05, 24.46
68.05, 23.37
68.05, 22.27
68.05, 21.18
68.15, 20.09
68.15, 19.0
68.15, 17.91
68.15, 16.81
68.15, 15.72
68.15, 14.63
68.26, 13.54
68.26, 12.45
68.26, 11.35
68.26, 10.26
68.26, 9.17
68.26, 8.08
68.26, 6.98
68.35, 5.89
68.35, 4.8
68.35, 3.71
68.35, 2.62
68.35, 1.52
68.47, 0.43
68.47, -0.66
68.47, -1.75
68.47, -2.83
68.47, -3.94
68.56, -5.03
68.56, -6.12
68.56, -7.21
68.56, -8.3
68.56, -9.4
68.56, -10.49
68.68, -11.58
68.68, -12.67
68.68, -13.76
68.68, -14.85
68.68, -15.95
68.68, -17.04
68.68, -18.13
68.78, -19.22
68.78, -20.32
68.78, -21.41
68.78, -22.5
68.78, -23.58
68.88, -24.68
68.88, -25.78
68.88, -26.87
68.88, -27.96
68.99, -29.05
68.99, -30.14
69.09, -29.05
69.2, -27.96
69.09, -27.96
69.2, -26.87
69.2, -25.77
69.2, -24.68
69.3, -23.58
69.3, -22.5
69.3, -21.4
69.3, -20.31
69.41, -19.22
69.41, -18.13
69.41, -17.03
69.41, -15.94
69.41, -14.85
69.51, -13.76
69.51, -12.67
69.51, -11.56
69.51, -10.48
69.51, -9.39
69.51, -8.3
69.62, -7.2
69.62, -6.11
69.62, -5.02
69.62, -3.93
69.72, -2.83
69.72, -1.74
69.72, -0.65
69.81, 0.44
69.81, 1.53
69.81, 2.63
69.81, 3.72
69.81, 4.81
69.93, 5.9
69.93, 7.0
69.93, 8.09
69.93, 9.18
69.93, 10.27
69.93, 11.35
70.03, 12.46
70.03, 13.55
70.03, 14.64
70.03, 15.73
70.03, 16.83
70.14, 17.92
70.14, 19.01
70.14, 20.1
70.14, 21.2
70.24, 22.29
70.35, 22.29
70.35, 21.2
70.24, 21.2
70.35, 21.2
70.45, 20.11
70.45, 19.01
70.55, 17.92
70.55, 16.83
70.55, 15.74
70.55, 14.65
70.55, 13.55
70.66, 12.46
70.66, 11.37
70.66, 10.28
70.66, 9.19
70.76, 8.09
70.76, 7.0
70.76, 5.91
70.76, 4.81
70.76, 3.73
70.87, 2.63
70.87, 1.54
70.87, 0.45
70.87, -0.64
70.87, -1.73
70.87, -2.83
70.97, -3.92
70.97, -5.01
70.97, -6.1
70.97, -7.19
71.08, -8.29
71.08, -9.38
71.08, -10.47
71.08, -11.56
71.08, -12.65
71.08, -13.75
71.18, -14.83
71.18, -15.93
71.18, -17.02
71.18, -18.11
71.29, -19.21
71.29, -20.3
71.29, -21.39
71.29, -22.48
71.39, -23.56
71.39, -24.67
71.39, -25.76
71.49, -26.85
71.49, -27.94
71.49, -29.03
71.6, -30.13
71.7, -29.03
71.6, -29.03
71.7, -27.94
71.81, -27.94
71.81, -26.85
71.81, -25.76
71.81, -24.66
71.91, -23.56
71.91, -22.48
71.91, -21.39
71.91, -20.29
71.91, -19.2
71.91, -18.11
72.02, -17.02
72.02, -15.92
72.02, -14.83
72.02, -13.74
72.02, -12.65
72.02, -11.56
72.02, -10.46
72.02, -9.37
72.12, -8.28
72.12, -7.19
72.12, -6.09
72.12, -5.0
72.22, -3.91
72.22, -2.81
72.22, -1.73
72.22, -0.63
72.22, 0.46
72.33, 1.55
72.33, 2.64
72.33, 3.74
72.33, 4.83
72.33, 5.92
72.43, 7.01
72.43, 8.11
72.43, 9.2
72.43, 10.29
72.43, 11.38
72.43, 12.47
72.43, 13.56
72.54, 14.66
72.54, 15.75
72.54, 16.83
72.54, 17.94
72.54, 19.03
72.64, 20.12
72.64, 21.21
72.64, 22.3
72.64, 23.4
72.75, 24.49
72.85, 24.49
72.95, 24.49
72.95, 23.4
72.95, 22.31
73.06, 21.22
73.06, 20.12
73.06, 19.03
73.06, 17.94
73.16, 16.85
73.16, 15.76
73.16, 14.66
73.16, 13.56
73.16, 12.48
73.27, 11.39
73.27, 10.3
73.27, 9.2
73.27, 8.11
73.27, 7.02
73.27, 5.93
73.37, 4.83
73.37, 3.74
73.37, 2.65
73.37, 1.56
73.37, 0.47
73.37, -0.63
73.48, -1.72
73.48, -2.81
73.48, -3.9
73.48, -4.99
73.58, -6.08
73.58, -7.18
73.58, -8.27
73.58, -9.35
73.58, -10.45
73.58, -11.55
73.58, -12.64
73.69, -13.73
73.69, -14.81
73.69, -15.91
73.69, -17.01
73.79, -18.1
73.79, -19.19
73.79, -20.28
73.79, -21.37
73.89, -22.46
73.89, -23.56
74.0, -24.65
74.0, -25.74
74.1, -25.74
74.21, -26.83
74.21, -27.92
74.31, -27.92
74.42, -26.83
74.31, -26.83
74.42, -25.74
74.42, -24.65
74.52, -23.55
74.52, -22.46
74.52, -21.37
74.52, -20.28
74.62, -19.18
74.62, -18.09
74.62, -17.0
74.62, -15.91
74.62, -14.81
74.62, -13.72
74.73, -12.63
74.73, -11.54
74.73, -10.45
74.73, -9.35
74.73, -8.26
74.73, -7.17
74.83, -6.08
74.83, -4.98
74.83, -3.89
74.83, -2.8
74.83, -1.71
74.94, -0.6
74.94, 0.48
74.94, 1.56
74.94, 2.66
74.94, 3.75
74.94, 4.85
74.94, 5.94
74.94, 7.03
75.04, 8.12
75.04, 9.22
75.04, 10.31
75.04, 11.4
75.04, 12.49
75.04, 13.58
75.15, 14.68
75.15, 15.77
75.15, 16.85
75.25, 17.95
75.25, 19.05
75.25, 20.14
75.25, 21.23
75.35, 22.32
75.35, 23.42
75.46, 23.42
75.56, 22.32
75.67, 21.23
75.56, 21.23
75.67, 20.14
75.67, 19.05
75.67, 17.96
75.67, 16.85
75.67, 15.77
75.77, 14.68
75.77, 13.58
75.77, 12.5
75.77, 11.4
75.77, 10.31
75.88, 9.22
75.88, 8.13
75.88, 7.04
75.88, 5.94
75.88, 4.85
75.88, 3.76
75.88, 2.67
75.98, 1.58
75.98, 0.48
75.98, -0.6
75.98, -1.7
75.98, -2.79
76.09, -3.88
76.09, -4.98
76.09, -6.07
76.09, -7.16
76.19, -8.25
76.19, -9.34
76.19, -10.44
76.19, -11.53
76.19, -12.62
76.19, -13.71
76.29, -14.8
76.29, -15.9
76.4, -16.99
76.4, -18.08
76.4, -19.17
76.4, -20.26
76.4, -21.35
76.4, -22.45
76.5, -23.54
76.5, -24.63
76.5, -25.72
76.5, -26.81
76.6, -27.91
76.6, -29.0
76.6, -30.09
76.71, -30.09
76.81, -30.09
76.81, -29.0
76.92, -27.9
76.92, -26.81
76.92, -25.72
77.03, -24.63
77.03, -23.54
77.03, -22.44
77.03, -21.35
77.03, -20.26
77.13, -19.17
77.13, -18.07
77.13, -16.98
77.13, -15.89
77.13, -14.8
77.13, -13.71
77.13, -12.6
77.23, -11.52
77.23, -10.43
77.23, -9.34
77.23, -8.24
77.23, -7.15
77.34, -6.06
77.34, -4.97
77.34, -3.87
77.34, -2.78
77.44, -1.69
77.44, -0.6
77.44, 0.49
77.44, 1.58
77.44, 2.68
77.55, 3.77
77.55, 4.85
77.55, 5.96
77.55, 7.05
77.55, 8.14
77.55, 9.23
77.65, 10.33
77.65, 11.42
77.65, 12.51
77.65, 13.6
77.65, 14.69
77.76, 15.79
77.76, 16.88
77.76, 17.97
77.76, 19.06
77.85, 20.16
77.85, 21.25
77.85, 22.34
77.85, 23.43
77.96, 24.53
77.96, 25.62
78.07, 25.62
78.17, 24.53
78.07, 24.53
78.17, 23.43
78.28, 22.34
78.17, 22.34
78.28, 21.25
78.28, 20.16
78.38, 19.07
78.38, 17.98
78.38, 16.88
78.38, 15.79
78.38, 14.7
78.49, 13.6
78.49, 12.52
78.49, 11.42
78.49, 10.33
78.58, 9.24
78.58, 8.15
78.58, 7.06
78.58, 5.96
78.58, 4.87
78.7, 3.78
78.7, 2.69
78.7, 1.6
78.7, 0.5
78.7, -0.58
78.7, -1.68
78.8, -2.77
78.8, -3.85
78.8, -4.96
78.9, -6.05
78.9, -7.14
78.9, -8.23
78.9, -9.32
78.9, -10.42
78.9, -11.51
78.9, -12.6
79.01, -13.69
79.01, -14.78
79.01, -15.88
79.01, -16.97
79.01, -18.06
79.11, -19.15
79.11, -20.24
79.22, -20.24
79.22, -21.34
